108
139
159
265
350
351
403
410
424
428
506
630
687
728
763
768
801
870
915
932
997
1002
1066
1158
1317
1684
1741
1829
1872
1890
1925
1954
2016
2017
2031
2171
2202
2212
2276
2278
2317
2370
4779
4807
4826
4884
4939
4958
5023
5104
5151
5210
5236
5276
5279
5349
5353
5395
5486
5577
5644
5717
5718
5720
5726
5741
5748
5768
5772
5779
5784
5798
5800
5811
5822
5831
5837
5860
5874
5890
5893
5907
5921
5950
5984
5993
6008
6009
6017
6020
6024
6025
6038
6041
6064
6086
6097
6099
6106
6107
6108
6111
6133
6137
6138
6140
6145
6148
6154
6163
6166
6169
6174
6177
6194
6195
6198
6201
6203
6217
6218
6220
6240
6241
6255
6268
6284
6296
6390
6424
6434
6445
6680
6744
6830
6900
6907
6908
6909
6911
6917
6923
6933
6943
6944
6957
6960
6966
6970
6971
6973
6974
6976
6979
6989
6992
7013
7028
7033
7058
7067
7094
7102
7103
7106
7107
7111
7119
7161
7164
7165
7169
7186
7202
7218
7231
7244
7248
7250
7282
7288
7296
7316
7320
7322
7327
7328
7346
7350
7353
7354
7372
7373
7377
7384
7396
7404
7413
7418
7424
7427
7461
7477
7515
7517
7521
7717
7917
8077
8132
8231
8233
8234
8235
8236
8238
8239
8244
8246
8247
8259
8264
8284
8290
8297
8334
8337
8343
8351
8357
8365
8366
8386
8419
8424
9067
9075
9078
9079
9081
9084
9085
9089
9091
9095
9099
9100
9102
9103
9104
9105
9106
9111
9113
9114
9115
9121
9125
9128
9130
9131
9133
9134
9298
9312
9314
9321
9386
9388
9404
9405
9408
9409
9421
9433
9451
9503
9506
9507
9508
9509
9510
9511
9512
9513
9514
9515
9517
9518
9519
9520
9521
9522
9523
9524
9525
9526
9527
9529
9530
9531
9532
9533
9534
9535
9537
9540
9541
9542
9543
9544
9545
9546
9547
9548
9549
9550
9551
9552
9553
9554
9556
9557
9558
9559
9560
9561
9562
9564
9565
9567
9568
9569
9573
9574
9576
9577
9578
9579
9581
9582
9583
9584
9585
9586
9587
9588
9590
9591
9592
9593
9594
9595
9596
9597
9598
9599
9600
9601
9602
9606
9607
9608
9609
9610
9611
9612
9613
9615
9616
9617
9619
9620
9621
9622
9624
9626
9627
9628
9629
9630
9631
9632
9633
9634
9636
9637
9638
9639
9640
9642
9644
9645
9646
9647
9648
9649
9651
9653
9655
9656
9658
9659
9660
9661
9663
9665
9666
9668
9669
9673
9678
9679
9680
9681
9682
9683
9684
9690
9693
9696
9697
9698
9699
9701
9703
9704
9705
9706
9707
9708
9709
9710
9711
9712
9713
9714
9717
9719
9720
9721
9722
9723
9725
9726
9727
9728
9729
9730
9731
9732
9733
9735
9736
9737
9738
9739
9741
9743
9744
9745
9747
9748
9749
9754
9755
9756
9757
9759
9762
9768
9769
9770
9771
9772
9774
9775
9776
9777
9778
9779
9780
9781
9782
9783
9784
9785
9786
9788
9789
9790
9791
9792
9793
9794
9795
9796
9797
9798
9799
9800
9801
9802
9803
9804
9805
9806
9807
9808
9809
9811
9812
9813
9814
9815
9816
9817
9819
9821
9823
9824
9825
9826
9827
9828
9830
9831
9832
9833
9834
9835
9838
9839
9840
9841
9843
9844
9845
9846
9848
9849
9850
9851
9852
9853
9854
9855
9856
9858
9859
9860
9861
9862
9864
9866
9867
9868
9870
9871
9873
9874
9875
9876
9877
9878
9879
9880
9881
9882
9883
9885
9886
9888
9890
9891
9892
9894
9895
9897
9898
9899
9900
9901
9902
9903
9904
9905
9906
9908
9909
9911
9915
9918
9920
9921
9924
9927
9928
9929
9930
9933
9937
9938
9939
9941
9942
9943
9944
9945
9946
9947
9948
9949
9950
9951
9952
9953
9957
9958
9959
9960
9962
9963
9964
9965
9966
9968
9969
9970
9972
9973
9976
9979
9980
9981
9982
9983
9984
9985
9987
9988
9990
9991
9993
9995
9996
9997
9998
9999
10001
10002
10006
10008
10009
10010
10011
10012
10013
10014
10015
10017
10018
10020
10022
10023
